    -1.00000000     2.00000000
    -0.99780005     2.00000000
    -0.99281612     2.00000000
    -0.98550784     2.00000000
    -0.97652527     2.00000000
    -0.96666667     2.00000000
    -0.95680806     2.00000000
    -0.94782549     2.00000000
    -0.94051722     2.00000000
    -0.93553329     2.00000000
    -0.93333333     2.00000000
    -0.93333333     2.00000000
    -0.93113338     2.00000000
    -0.92614945     2.00000000
    -0.91884118     2.00000000
    -0.90985860     2.00000000
    -0.90000000     2.00000000
    -0.89014140     2.00000000
    -0.88115882     2.00000000
    -0.87385055     2.00000000
    -0.86886662     2.00000000
    -0.86666667     2.00000000
    -0.86666667     2.00000000
    -0.86446671     2.00000000
    -0.85948278     2.00000000
    -0.85217451     2.00000000
    -0.84319194     2.00000000
    -0.83333333     2.00000000
    -0.82347473     2.00000000
    -0.81449216     2.00000000
    -0.80718388     2.00000000
    -0.80219995     2.00000000
    -0.80000000     2.00000000
    -0.80000000     2.00000000
    -0.79780005     2.00000000
    -0.79281612     2.00000000
    -0.78550784     2.00000000
    -0.77652527     2.00000000
    -0.76666667     2.00000000
    -0.75680806     2.00000000
    -0.74782549     2.00000000
    -0.74051722     2.00000000
    -0.73553329     2.00000000
    -0.73333333     2.00000000
    -0.73333333     2.00000000
    -0.73113338     2.00000000
    -0.72614945     2.00000000
    -0.71884118     2.00000000
    -0.70985860     2.00000000
    -0.70000000     2.00000000
    -0.69014140     2.00000000
    -0.68115882     2.00000000
    -0.67385055     2.00000000
    -0.66886662     2.00000000
    -0.66666667     2.00000000
    -0.66666667     2.00000000
    -0.66446671     2.00000000
    -0.65948278     2.00000000
    -0.65217451     2.00000000
    -0.64319194     2.00000000
    -0.63333333     2.00000000
    -0.62347473     2.00000000
    -0.61449216     2.00000000
    -0.60718388     2.00000000
    -0.60219995     2.00000000
    -0.60000000     2.00000000
    -0.60000000     2.00000000
    -0.59780005     2.00000000
    -0.59281612     2.00000000
    -0.58550784     2.00000000
    -0.57652527     2.00000000
    -0.56666667     2.00000000
    -0.55680806     2.00000000
    -0.54782549     2.00000000
    -0.54051722     2.00000000
    -0.53553329     2.00000000
    -0.53333333     2.00000000
    -0.53333333     1.99999999
    -0.53113338     1.99999999
    -0.52614945     1.99999999
    -0.51884118     1.99999999
    -0.50985860     1.99999999
    -0.50000000     1.99999999
    -0.49014140     1.99999998
    -0.48115882     1.99999998
    -0.47385055     1.99999998
    -0.46886662     1.99999998
    -0.46666667     1.99999998
    -0.46666667     1.99999982
    -0.46446671     1.99999981
    -0.45948278     1.99999978
    -0.45217451     1.99999974
    -0.44319194     1.99999970
    -0.43333333     1.99999965
    -0.42347473     1.99999960
    -0.41449216     1.99999955
    -0.40718388     1.99999952
    -0.40219995     1.99999949
    -0.40000000     1.99999948
    -0.40000000     1.99999734
    -0.39780005     1.99999719
    -0.39281612     1.99999684
    -0.38550784     1.99999634
    -0.37652527     1.99999572
    -0.36666667     1.99999503
    -0.35680806     1.99999435
    -0.34782549     1.99999373
    -0.34051722     1.99999322
    -0.33553329     1.99999288
    -0.33333333     1.99999273
    -0.33333333     1.99997367
    -0.33113338     1.99997226
    -0.32614945     1.99996906
    -0.31884118     1.99996438
    -0.30985860     1.99995862
    -0.30000000     1.99995230
    -0.29014140     1.99994598
    -0.28115882     1.99994022
    -0.27385055     1.99993554
    -0.26886662     1.99993235
    -0.26666667     1.99993094
    -0.26666667     1.99980166
    -0.26446671     1.99979171
    -0.25948278     1.99976919
    -0.25217451     1.99973616
    -0.24319194     1.99969557
    -0.23333333     1.99965101
    -0.22347473     1.99960646
    -0.21449216     1.99956586
    -0.20718388     1.99953283
    -0.20219995     1.99951031
    -0.20000000     1.99950037
    -0.20000000     1.99878475
    -0.19780005     1.99872758
    -0.19281612     1.99859806
    -0.18550784     1.99840814
    -0.17652527     1.99817470
    -0.16666667     1.99791850
    -0.15680806     1.99766229
    -0.14782549     1.99742886
    -0.14051722     1.99723893
    -0.13553329     1.99710941
    -0.13333333     1.99705224
    -0.13333333     1.99367517
    -0.13113338     1.99339512
    -0.12614945     1.99276066
    -0.11884118     1.99183032
    -0.10985860     1.99068684
    -0.10000000     1.98943184
    -0.09014140     1.98817684
    -0.08115882     1.98703336
    -0.07385055     1.98610302
    -0.06886662     1.98546857
    -0.06666667     1.98518852
    -0.06666667     1.97152063
    -0.06446671     1.97033851
    -0.05948278     1.96766046
    -0.05217451     1.96373346
    -0.04319194     1.95890680
    -0.03333333     1.95360941
    -0.02347473     1.94831202
    -0.01449216     1.94348536
    -0.00718388     1.93955836
    -0.00219995     1.93688031
     0.00000000     1.93569820
     0.00000000     1.89154022
     0.00219995     1.88744374
     0.00718388     1.87816328
     0.01449216     1.86455472
     0.02347473     1.84782849
     0.03333333     1.82947102
     0.04319194     1.81111355
     0.05217451     1.79438732
     0.05948278     1.78077876
     0.06446671     1.77149830
     0.06666667     1.76740183
     0.06666667     1.68111606
     0.06886662     1.67132484
     0.07385055     1.64914311
     0.08115882     1.61661656
     0.09014140     1.57663828
     0.10000000     1.53276110
     0.10985860     1.48888391
     0.11884118     1.44890563
     0.12614945     1.41637908
     0.13113338     1.39419735
     0.13333333     1.38440614
     0.13333333     1.25969995
     0.13553329     1.25525640
     0.14051722     1.24518966
     0.14782549     1.23042812
     0.15680806     1.21228477
     0.16666667     1.19237198
     0.17652527     1.17245918
     0.18550784     1.15431583
     0.19281612     1.13955430
     0.19780005     1.12948756
     0.20000000     1.12504401
     0.20000000     1.07844480
     0.20219995     1.07707673
     0.20718388     1.07397741
     0.21449216     1.06943266
     0.22347473     1.06384674
     0.23333333     1.05771604
     0.24319194     1.05158534
     0.25217451     1.04599941
     0.25948278     1.04145467
     0.26446671     1.03835535
     0.26666667     1.03698728
     0.26666667     1.02219046
     0.26886662     1.02179896
     0.27385055     1.02091203
     0.28115882     1.01961146
     0.29014140     1.01801294
     0.30000000     1.01625852
     0.30985860     1.01450411
     0.31884118     1.01290558
     0.32614945     1.01160502
     0.33113338     1.01071809
     0.33333333     1.01032659
     0.33333333     1.00601930
     0.33553329     1.00591207
     0.34051722     1.00566916
     0.34782549     1.00531296
     0.35680806     1.00487516
     0.36666667     1.00439466
     0.37652527     1.00391416
     0.38550784     1.00347635
     0.39281612     1.00312015
     0.39780005     1.00287724
     0.40000000     1.00277002
     0.40000000     1.00157422
     0.40219995     1.00154592
     0.40718388     1.00148180
     0.41449216     1.00138777
     0.42347473     1.00127221
     0.43333333     1.00114538
     0.44319194     1.00101854
     0.45217451     1.00090298
     0.45948278     1.00080895
     0.46446671     1.00074483
     0.46666667     1.00071653
     0.46666667     1.00039675
     0.46886662     1.00038955
     0.47385055     1.00037325
     0.48115882     1.00034933
     0.49014140     1.00031994
     0.50000000     1.00028768
     0.50985860     1.00025543
     0.51884118     1.00022603
     0.52614945     1.00020212
     0.53113338     1.00018581
     0.53333333     1.00017861
     0.53333333     1.00009623
     0.53553329     1.00009447
     0.54051722     1.00009048
     0.54782549     1.00008463
     0.55680806     1.00007744
     0.56666667     1.00006954
     0.57652527     1.00006165
     0.58550784     1.00005446
     0.59281612     1.00004861
     0.59780005     1.00004462
     0.60000000     1.00004285
     0.60000000     1.00002244
     0.60219995     1.00002203
     0.60718388     1.00002109
     0.61449216     1.00001971
     0.62347473     1.00001802
     0.63333333     1.00001617
     0.64319194     1.00001431
     0.65217451     1.00001262
     0.65948278     1.00001124
     0.66446671     1.00001030
     0.66666667     1.00000989
     0.66666667     1.00000503
     0.66886662     1.00000494
     0.67385055     1.00000472
     0.68115882     1.00000441
     0.69014140     1.00000403
     0.70000000     1.00000361
     0.70985860     1.00000319
     0.71884118     1.00000281
     0.72614945     1.00000250
     0.73113338     1.00000229
     0.73333333     1.00000219
     0.73333333     1.00000108
     0.73553329     1.00000106
     0.74051722     1.00000102
     0.74782549     1.00000095
     0.75680806     1.00000087
     0.76666667     1.00000078
     0.77652527     1.00000068
     0.78550784     1.00000060
     0.79281612     1.00000053
     0.79780005     1.00000049
     0.80000000     1.00000047
     0.80000000     1.00000022
     0.80219995     1.00000022
     0.80718388     1.00000021
     0.81449216     1.00000020
     0.82347473     1.00000018
     0.83333333     1.00000016
     0.84319194     1.00000014
     0.85217451     1.00000012
     0.85948278     1.00000011
     0.86446671     1.00000010
     0.86666667     1.00000010
     0.86666667     1.00000004
     0.86886662     1.00000004
     0.87385055     1.00000004
     0.88115882     1.00000004
     0.89014140     1.00000004
     0.90000000     1.00000003
     0.90985860     1.00000003
     0.91884118     1.00000002
     0.92614945     1.00000002
     0.93113338     1.00000002
     0.93333333     1.00000002
     0.93333333     1.00000000
     0.93553329     1.00000000
     0.94051722     1.00000000
     0.94782549     1.00000000
     0.95680806     1.00000000
     0.96666667     1.00000000
     0.97652527     1.00000000
     0.98550784     1.00000000
     0.99281612     1.00000000
     0.99780005     1.00000000
     1.00000000     1.00000000
